%动力曲线计算函数
function[n,u,D] = dongliqvxian
n=600:0.1:3000;
Pe=274.2*((n/2500)+(n/2500).^2-(n/2500).^3);
T=(Pe./n)*9549;
i=[49.37;25.58;14.62;8.86;5.7];
u=0.377*0.54.*n./i;
nyu=0.95-0.003*u;
ny=0.895*fengshan.*nyu;
Fj=T.*i.*ny/0.54;
D=Fj/19000/9.81;
end




